am M5 M5 ,__1ﬂ __M10 M12 (M14) M16 _(M18_L M20 (M22) M24 gM271
P 0,5 1 1,25 1,5 1,75 2 2 2,5 2,5 2,5 3 3
J?) 15 15 22 25 30 34 35 42 45 50 54 50
53) — . - - 40 44 45 52 55 50 55
54) - - - - - - - - - 59 73 79
c... 0,5 0,5 0,5 0,5 0,5 0,5 0,5 0,5 0,5 0.5 0,5 0,5
d.....| 6 7,2 10,2 12,2 14,7 15,7 15,7 21,2 24,4 25,4 25,4 32,4
11...... 5,45 5,45 5,55 10,55 12,7 14,7 15,7 15.7 20,54 22,54 24,54 27,54
d....1 4,52 5,52 7,42 9,42 11,3 13,3 15,3 17,3 19,5 21,15 23,15 25.15
am... 5,74 5,74 11,47 14,47 15,47 19,15 22 24,55 27,7 31,35 33,25 :15
9...... 5,53 1,59 14,2 17,59 19,55 22,57 25,17 29,55 32,95 37,29 39,55 45,2
k 3,5 4,0 5,3 5.4 7,5 5,5 10 11,5 12,5 14 15 17
2111 I 0.37: 0,375 0,375 0,45 0,45 0,45 0,75 0,9 0,9 0.9 0,9 0,9
r... 0,2 0,25 0,4 0,4 0,5 0,5 0,5 0,5 0,5 0,5 0,5 1
s.... 5 10 13 15 15 21 24 27 30 34 as 41
9.... 7,54 9,54 12,57 15,57 17,57 20,15 23,15 25,15 29,15 33 :15 40

