25 22
29 27
30 27
34 32
32 16,25
37 25
37 21,25 16
42 30 26
26.25 2| 17
35 31 27
31.25 26 22
40 36 32
41.25 36 32 21.5
50 45 42 34
51,25 45 42 31,5 27.5
60 55 52 44 40
61,25 56 52 41,5 37.5 31
70 66 62 54 50 45
71,25 66 62 51,5 47,5 41 35
B0 76 72 64 60 56 50
81,25 76 72 61,5 57,5 51 45
90 86 62 74 70 66 60
B0 76 65.5 61.5 55 49
K) 86 78 74 70 64
90 36 75.5 71.5 65 59
100 96 68 04 80 74
% 85,5 51.5 75 69
106 98 94 W 34
106 95.5 91,5 85 79
116 108 104 100 94
115,5 111,5 105 99
128 124 120
135,5 131,5 125
148 144 140
136.5 132
151 147
I52
167

