3.5 3.5 4 4 4.5 4,5 5 5 5,5 , 6
72 78 84 90 96 102 108 1 16 - - -
65 91 97 103 109 115 121 129 137 145 153
0,8 0.8 0,8 1 1 1 1 1 ' 1 1 1
35.4 38,4 42.4 45,4 48.6 52,6 56,6 62,6 67 71 75
30.84 34 37 40 43 46 49 53.2 57.2 61,2 65.2
1 29,16 32 35 38 41 44 47 50.8 54,8 58,8 62.8
42,75 46.55 51,11 55,86 59,95 64,7 69,45 74.2 78,66 83,41 88,16
50,85 55,37 60.79 66.44 71.3 76,95 82.6 88,25 93,56 99,21 104,86
, 18,7 21 22,5 25 26 28 30 33 35 38 40
1.05 1.05 1,05 1,05 1,05 1,05 1,05 1.25 1.25 1,25 1,25
1 1 1 1 1,2 1,2 1.6 1 .6 2 2 2
46 50 55 60 65 70 75 80 85 90 95
45 49 53,8 58.8 63,1 68,1 73.1 78.1 82,8 87.8 92,8

