36,5
54
40,5 34,5
58 51
50.5 44,5 36 Pmdﬂqleilclnnibnuenouéarnuse
60 62 55 uiivaﬂroub poule 1504010
60.5 54.5 46 40
78 72 65 60
70,5 54.5 56 50
08 02 76 70
90,5 04,5 75 70 61.5 55,5
100 102 S W 04 7B
110,5 104.5 96 W 01.5 75,5 67 59
128 122 116 110 104 98 92 04
117.5 111,5 103 97 00.5 02,5 74 66
135 129 123 117 111 105 99 91
137.5 131.5 113 117 106,5 102.5 90 06 75,5 67.5
155 149 143 137 131 125 119 111 103 95
157,5 151.5 143 137 110,5 121.5 114 106 95.5 57,5 77
175 109 163 157 151 145 I39 131 123 115 107
177,5 171,5 153 157 140.5 142,5 134 126 115.5 107,5 97
195 109 183 177 171 165 159 151 143 135 127
197,5 191.5 103 177 160,5 162,5 154 145 135.5 127,5 117
215 209 203 197 191 185 179 171 163 155 147
211,5 203 197 108.5 151,5 174 166 155.5 147,5 137
229 223 217 211 205 199 191 153 175 167
223 117 208.5 202.5 194 196 175,5 167,5 157
243 237 231 225 219 211 203 I95 187
243 237 K05 1ﬂ.5 214 206 195,5 137,5 177
263 257 251 245 239 231 223 215 207
257 240,5 241.5 234 226 215,5 207.5 197
177 171 255 159 251 243 235 ﬂ7
277 260,5 252.5 251 245 235,5 227.5 117
297 291 235 179 271 263 155 247
250,5 201.5 274 265 155,5 247.5 137
311 305 299 291 163 275 267
302,5 294 205 175,5 267.5 257
325 319 311 31X! 295 207
314 315 295.5 207.5 277
339 331 313 315 307
334 325 315.5 3117.5 297
350 351 343 33-5 327
346 335, 317.5 317
371 363 355 347

